100
54 6 10 39 10 62 3
22 1 10 59 2
56 85 10 27 9
25 86 1 89 1
16 0 3 65 2 3 4 15 1
42 29 400 66 5 59 824
63 94 454 4 2 43 2 47 293
55 29 7 79 2 89 5
36 7 6 11 2 18 23 54 2
24 37 7 76 6 78 875
21 89 4 70 10 38 975
38 25 305 45 591 79 6 69 3
97 23 182 83 888 48 4 92 1
57 88 132 46 10 58 5
94 81 1046 35 2 37 2 87 837
98 8 2 83 6 53 20
3 44 9 23 2 9 632
17 58 1 10 1 23 4
51 18 6 62 8 78 1028 91 790
91 25 969 72 9 48 4
76 35 178 24 8 30 4 66 780
70 21 10 53 2 34 400
82 88 6 95 2 21 404
68 49 219 43 7 7 5
14 39 10 47 6
48 24 405 58 1019 91 2 97 7
81 47 1 8 7 24 770
52 83 1065 14 762 17 477 72 751 27 7 84 1
73 74 7 78 42 4 23
19 74 240 45 10 49 10 95 182
32 33 3 99 2
18 99 214 20 10 51 2
84 69 1042 52 2 67 3
0 7 270 40 7 16 4
10 17 2 85 1
4 99 7 63 9
20 53 5 18 7 12 372
71 78 7 87 6
72 2 10 91 9
90 64 8 35 10 55 316 74 364
33 28 2 32 6
92 68 499 0 940 97 7 1 2
53 70 7 20 9 72 669 10 725 95 694 63 1038
79 55 10 38 7
78 31 2 71 5
1 92 2 22 2
44 95 9 3 4 23 4 29 2
46 34 697 26 1 57 1
43 63 8 68 7 88 881
77 87 2 45 1
74 73 9 60 6
12 10 1050 19 744 66 9 26 9
45 62 882 77 2 19 3
6 41 4 54 4 15 375
89 25 9 21 5 17 314
9 94 806 5 3 75 3
26 67 475 12 2 46 4
7 23 287 68 9 36 10 47 630
11 49 433 36 1 96 1
59 18 271 22 3 42 4 0 207 54 991
37 94 3 24 5 85 657
35 90 6 94 8 30 727
15 86 10 80 873 99 609
96 27 523 11 5 2 5
30 76 9 34 7 77 578
47 14 4 81 5 12 3
13 67 1 40 9 31 8
23 3 5 41 8 42 876
66 60 464 42 10 12 2
31 62 2 78 3 42 835
27 56 8 52 6
58 76 244 57 4 17 3
2 96 1 72 2 36 572 64 752
80 23 149 83 1 15 3 75 372 14 465
40 85 746 13 1 50 204 0 2
67 84 9 13 4
85 10 2 56 5
86 15 9 25 3
8 81 4 98 2 93 5
28 34 9 33 6 20 1084
41 23 2 6 2 19 1070
87 71 9 77 7
75 53 563 15 541 9 5 93 7
69 98 134 79 653 38 2 50 6
65 16 5 29 2 19 4 38 6
62 51 2 31 1 21 3
61 33 963 95 204 49 1 64 1
64 61 9 57 542 90 3
49 19 10 61 2 27 1064
29 3 154 61 637 65 6 55 6
60 74 6 88 168 84 948
88 60 6 82 5
83 98 7 80 9 42 500 93 587
34 30 9 28 4 80 757
39 54 7 14 1 96 106 71 682
93 46 267 75 3
50 61 240 69 2 5 8
99 32 4 4 10
5 50 9 9 1 19 3 63 2 81 7
95 82 1 44 7 53 17 71 4
